before:  
51 91 88 39 85 13 37 23 65 90 44 79 53 18 55 12 78 45 95 25 77 52 16 59 21 74 50 84 60 26 86 94 63 66 14 54 28 17 97 87 96 41 24 61 20 73 49 15 57 93 98 69 67 68 62 22 80 35 11 19 71 10 58 27 30 72 75 36 64 99 92 32 29 40 56 47 31 70 82 43 34 83 81 38 76 46 33 89 48 42 

level : 1 step = 2
 * [ 51 | 91 ] -> [ 51 | 91 ]
 * [ 88 | 39 ] -> [ 39 | 88 ]
 * [ 85 | 13 ] -> [ 13 | 85 ]
 * [ 37 | 23 ] -> [ 23 | 37 ]
 * [ 65 | 90 ] -> [ 65 | 90 ]
 * [ 44 | 79 ] -> [ 44 | 79 ]
 * [ 53 | 18 ] -> [ 18 | 53 ]
 * [ 55 | 12 ] -> [ 12 | 55 ]
 * [ 78 | 45 ] -> [ 45 | 78 ]
 * [ 95 | 25 ] -> [ 25 | 95 ]
 * [ 77 | 52 ] -> [ 52 | 77 ]
 * [ 16 | 59 ] -> [ 16 | 59 ]
 * [ 21 | 74 ] -> [ 21 | 74 ]
 * [ 50 | 84 ] -> [ 50 | 84 ]
 * [ 60 | 26 ] -> [ 26 | 60 ]
 * [ 86 | 94 ] -> [ 86 | 94 ]
 * [ 63 | 66 ] -> [ 63 | 66 ]
 * [ 14 | 54 ] -> [ 14 | 54 ]
 * [ 28 | 17 ] -> [ 17 | 28 ]
 * [ 97 | 87 ] -> [ 87 | 97 ]
 * [ 96 | 41 ] -> [ 41 | 96 ]
 * [ 24 | 61 ] -> [ 24 | 61 ]
 * [ 20 | 73 ] -> [ 20 | 73 ]
 * [ 49 | 15 ] -> [ 15 | 49 ]
 * [ 57 | 93 ] -> [ 57 | 93 ]
 * [ 98 | 69 ] -> [ 69 | 98 ]
 * [ 67 | 68 ] -> [ 67 | 68 ]
 * [ 62 | 22 ] -> [ 22 | 62 ]
 * [ 80 | 35 ] -> [ 35 | 80 ]
 * [ 11 | 19 ] -> [ 11 | 19 ]
 * [ 71 | 10 ] -> [ 10 | 71 ]
 * [ 58 | 27 ] -> [ 27 | 58 ]
 * [ 30 | 72 ] -> [ 30 | 72 ]
 * [ 75 | 36 ] -> [ 36 | 75 ]
 * [ 64 | 99 ] -> [ 64 | 99 ]
 * [ 92 | 32 ] -> [ 32 | 92 ]
 * [ 29 | 40 ] -> [ 29 | 40 ]
 * [ 56 | 47 ] -> [ 47 | 56 ]
 * [ 31 | 70 ] -> [ 31 | 70 ]
 * [ 82 | 43 ] -> [ 43 | 82 ]
 * [ 34 | 83 ] -> [ 34 | 83 ]
 * [ 81 | 38 ] -> [ 38 | 81 ]
 * [ 76 | 46 ] -> [ 46 | 76 ]
 * [ 33 | 89 ] -> [ 33 | 89 ]
 * [ 48 | 42 ] -> [ 42 | 48 ]
level : 2 step = 4
 * [ 51 91 | 39 88 ] -> [ 39 88 | 51 91 ]
 * [ 13 85 | 23 37 ] -> [ 23 37 | 13 85 ]
 * [ 65 90 | 44 79 ] -> [ 44 79 | 65 90 ]
 * [ 18 53 | 12 55 ] -> [ 18 53 | 12 55 ]
 * [ 45 78 | 25 95 ] -> [ 45 78 | 25 95 ]
 * [ 52 77 | 16 59 ] -> [ 16 59 | 52 77 ]
 * [ 21 74 | 50 84 ] -> [ 21 74 | 50 84 ]
 * [ 26 60 | 86 94 ] -> [ 26 60 | 86 94 ]
 * [ 63 66 | 14 54 ] -> [ 14 54 | 63 66 ]
 * [ 17 28 | 87 97 ] -> [ 17 28 | 87 97 ]
 * [ 41 96 | 24 61 ] -> [ 24 61 | 41 96 ]
 * [ 20 73 | 15 49 ] -> [ 15 49 | 20 73 ]
 * [ 57 93 | 69 98 ] -> [ 57 93 | 69 98 ]
 * [ 67 68 | 22 62 ] -> [ 22 62 | 67 68 ]
 * [ 35 80 | 11 19 ] -> [ 11 19 | 35 80 ]
 * [ 10 71 | 27 58 ] -> [ 27 58 | 10 71 ]
 * [ 30 72 | 36 75 ] -> [ 30 72 | 36 75 ]
 * [ 64 99 | 32 92 ] -> [ 32 92 | 64 99 ]
 * [ 29 40 | 47 56 ] -> [ 29 40 | 47 56 ]
 * [ 31 70 | 43 82 ] -> [ 31 70 | 43 82 ]
 * [ 34 83 | 38 81 ] -> [ 38 81 | 34 83 ]
 * [ 46 76 | 33 89 ] -> [ 46 76 | 33 89 ]
left elemnts : [ 42 48 ]
level : 3 step = 8
 * [ 39 88 51 91 | 23 37 13 85 ] -> [ 23 37 13 85 | 39 88 51 91 ]
 * [ 44 79 65 90 | 18 53 12 55 ] -> [ 18 53 12 55 | 44 79 65 90 ]
 * [ 45 78 25 95 | 16 59 52 77 ] -> [ 16 59 52 77 | 45 78 25 95 ]
 * [ 21 74 50 84 | 26 60 86 94 ] -> [ 21 74 50 84 | 26 60 86 94 ]
 * [ 14 54 63 66 | 17 28 87 97 ] -> [ 14 54 63 66 | 17 28 87 97 ]
 * [ 24 61 41 96 | 15 49 20 73 ] -> [ 15 49 20 73 | 24 61 41 96 ]
 * [ 57 93 69 98 | 22 62 67 68 ] -> [ 22 62 67 68 | 57 93 69 98 ]
 * [ 11 19 35 80 | 27 58 10 71 ] -> [ 27 58 10 71 | 11 19 35 80 ]
 * [ 30 72 36 75 | 32 92 64 99 ] -> [ 30 72 36 75 | 32 92 64 99 ]
 * [ 29 40 47 56 | 31 70 43 82 ] -> [ 29 40 47 56 | 31 70 43 82 ]
 * [ 38 81 34 83 | 46 76 33 89 ] -> [ 38 81 34 83 | 46 76 33 89 ]
left elemnts : [ 42 48 ]
level : 4 step = 16
 * [ 23 37 13 85 39 88 51 91 | 18 53 12 55 44 79 65 90 ] -> [ 18 53 12 55 44 79 65 90 | 23 37 13 85 39 88 51 91 ]
 * [ 16 59 52 77 45 78 25 95 | 21 74 50 84 26 60 86 94 ] -> [ 21 74 50 84 26 60 86 94 | 16 59 52 77 45 78 25 95 ]
 * [ 14 54 63 66 17 28 87 97 | 15 49 20 73 24 61 41 96 ] -> [ 15 49 20 73 24 61 41 96 | 14 54 63 66 17 28 87 97 ]
 * [ 22 62 67 68 57 93 69 98 | 27 58 10 71 11 19 35 80 ] -> [ 27 58 10 71 11 19 35 80 | 22 62 67 68 57 93 69 98 ]
 * [ 30 72 36 75 32 92 64 99 | 29 40 47 56 31 70 43 82 ] -> [ 29 40 47 56 31 70 43 82 | 30 72 36 75 32 92 64 99 ]
left elemnts : [ 38 81 34 83 46 76 33 89 42 48 ]
level : 5 step = 32
 * [ 18 53 12 55 44 79 65 90 23 37 13 85 39 88 51 91 | 21 74 50 84 26 60 86 94 16 59 52 77 45 78 25 95 ] -> [ 18 53 12 55 44 79 65 90 23 37 13 85 39 88 51 91 | 21 74 50 84 26 60 86 94 16 59 52 77 45 78 25 95 ]
 * [ 15 49 20 73 24 61 41 96 14 54 63 66 17 28 87 97 | 27 58 10 71 11 19 35 80 22 62 67 68 57 93 69 98 ] -> [ 15 49 20 73 24 61 41 96 14 54 63 66 17 28 87 97 | 27 58 10 71 11 19 35 80 22 62 67 68 57 93 69 98 ]
left elemnts : [ 29 40 47 56 31 70 43 82 30 72 36 75 32 92 64 99 38 81 34 83 46 76 33 89 42 48 ]
level : 6 step = 64
 * [ 18 53 12 55 44 79 65 90 23 37 13 85 39 88 51 91 21 74 50 84 26 60 86 94 16 59 52 77 45 78 25 95 | 15 49 20 73 24 61 41 96 14 54 63 66 17 28 87 97 27 58 10 71 11 19 35 80 22 62 67 68 57 93 69 98 ] -> [ 18 53 12 55 44 79 65 90 23 37 13 85 39 88 51 91 21 74 50 84 26 60 86 94 16 59 52 77 45 78 25 95 | 15 49 20 73 24 61 41 96 14 54 63 66 17 28 87 97 27 58 10 71 11 19 35 80 22 62 67 68 57 93 69 98 ]
left elemnts : [ 29 40 47 56 31 70 43 82 30 72 36 75 32 92 64 99 38 81 34 83 46 76 33 89 42 48 ]
